1766313803668 0.0001 0
1766313831809 0.0001 1
1766313859439 0.0001 2
1766313884621 0.0001 3
1766313909753 0.0001 4
1766313934734 1e-05 5
1766313960633 1e-05 6
1766313985281 1e-05 7
1766314011327 1e-05 8
1766314036379 1e-05 9
1766314061388 1e-05 10
1766314088067 1e-05 11
1766314113308 1.0000000000000002e-06 12
1766314138859 1.0000000000000002e-06 13
1766314164202 1.0000000000000002e-06 14
1766314190313 1.0000000000000002e-06 15
1766314215646 1.0000000000000002e-07 16
1766314240760 1.0000000000000002e-07 17
