1766313803668 1.690462346458435 0
1766313831809 1.5825760160446167 1
1766313859439 1.5322188709259033 2
1766313884621 1.5636726013183593 3
1766313909753 1.5130839921951293 4
1766313934734 1.4118966300964355 5
1766313960633 1.3973512741088867 6
1766313985281 1.4012389823913574 7
1766314011327 1.4035643047332764 8
1766314036379 1.4047609348297119 9
1766314061388 1.3942872980117798 10
1766314088067 1.3967582632064819 11
1766314113308 1.3811673007965088 12
1766314138859 1.380556674003601 13
1766314164202 1.3834419326782226 14
1766314190313 1.3811296857833861 15
1766314215646 1.3826936248779298 16
1766314240760 1.3875918912887573 17
