1766313803668 0.165008285932553 0
1766313831809 0.1521103641690946 1
1766313859439 0.15545615217215694 2
1766313884621 0.15079505715485877 3
1766313909753 0.17803789212272172 4
1766313934734 0.14285322433758157 5
1766313960633 0.13139524159359864 6
1766313985281 0.14529500592997965 7
1766314011327 0.12632548941466393 8
1766314036379 0.14207497928428162 9
1766314061388 0.15957401520277043 10
1766314088067 0.15978414297181182 11
1766314113308 0.18465096082965596 12
1766314138859 0.15736069258674026 13
1766314164202 0.15135652128237004 14
1766314190313 0.1455050283417371 15
1766314215646 0.1626986189210086 16
1766314240760 0.15694058012263853 17
